-20121105084156
-20121105084203
-20121105084226
-20121105084232
-20121105084239
-20121105084257
-20121105084934
-20121105084943
-20121105084944
-20121105101518
-20121105101525
-20121105101532
-20121105101539
-20121105101548
-20121105101549
-20121105101906
-20121105101912
-20121105102952
-20121105103004
-20121105103005
-20121105103009
-20121105103013
-20121105103017
-20121105103022
-20121105103028
-20121105103030
-20121105103839
-20121105104808
-20121105104810
-20121105104833
-20121105104902
-20121105104913
-20121105105259
-20121106092929
-20121106092949
-20121106092951
-20121106093036
-20121106093139
-20121106093142
-20121106100508
-20121106100509
-20121106100515
-20121106100516
-20121106100525
-20121107103832
-20121107103850
-20121107104020
-20121107104034
-20121107104045
-20121107104047
-20121107104052
-20121107105645
-20121107120620
-20121107120626
-20121107120639
-20121107120640
-20121107120709
-20121107120710
-20121107120742
-20121107120747
-20121107120748
-20121107120750
-20121107120754
-20121107123100
-20121107123107
-20121107123108
-20121107123408
-20121107123415
-20121107123420
-20121107123424
-20121107123426
-20121107123502
-20121107123954
-20121107125605
-20121107125607
-20121107141453
